crf:../videos_crop/sm1.yuv
psnr:41.31123858521719
bpp:0.073851318359375
msssim:0.9828320485130358
